Date [dd-mm-yy]	Time [UTC]	X-Accleration [m/s^2]	Y-Acceleration [m/s^2]	Z-Acceleration [m/s^2]	X-Gyro [deg/sec]	Y-Gyro [deg/sec]	Z-Gyro [deg/sec]	Latitude [deg N]	Longitude[deg E]	Altitude [m]	Speed [m/s]	Satellite Num	Temperature [F]	RPM
30-11-2018	7:38:51	1.00	0.00	0.00	18.00	1.00	26.00	40.43	-86.91		0.02		63.05	0
30-11-2018	7:38:19	1.00	1.00	0.00	1.00	5.00	20.00	40.43	-86.91		0.02		61.25	0
30-11-2018	7:35:51	0.00	1.00	1.00	22.00	6.00	1.00	40.43	-86.91		0.02		50.45	0
30-11-2018	7:35:51	1.00	0.00	0.00	24.00	22.00	45.00	40.43	-86.91		0.02		39.65	0
30-11-2018	7:35:51	1.00	0.00	1.00	26.00	18.00	5.00	40.43	-86.91		0.02		39.65	0
30-11-2018	7:35:51	0.00	0.00	1.00	5.00	2.00	2.00	40.43	-86.91		0.02		40.10	0
30-11-2018	7:35:51	0.00	0.00	1.00	1.00	3.00	6.00	40.43	-86.91		0.02		39.65	0
30-11-2018	7:35:51	0.00	0.00	0.00	0.00	0.00	0.00	40.43	-86.91		0.02		38.75	0
30-11-2018	7:35:51	0.00	0.00	0.00	0.00	0.00	1.00	40.43	-86.91		0.02		39.65	0
30-11-2018	7:35:51	0.00	0.00	1.00	0.00	0.00	1.00	40.43	-86.91		0.02		39.20	0
30-11-2018	7:35:51	0.00	0.00	1.00	0.00	0.00	0.00	40.43	-86.91		0.02		39.65	0
30-11-2018	7:35:51	0.00	0.00	0.00	0.00	0.00	0.00	40.43	-86.91		0.02		40.55	0
30-11-2018	7:35:51	0.00	0.00	0.00	0.00	0.00	1.00	40.43	-86.91		0.02		40.10	0
30-11-2018	7:33:50	0.00	0.00	0.00	0.00	0.00	0.00	40.43	-86.91		0.01		40.55	0
30-11-2018	7:33:50	0.00	0.00	0.00	0.00	0.00	0.00	40.43	-86.91		0.01		40.55	0
30-11-2018	7:33:50	0.00	0.00	0.00	0.00	0.00	0.00	40.43	-86.91		0.01		41.00	0
30-11-2018	7:33:50	0.00	0.00	0.00	0.00	0.00	0.00	40.43	-86.91		0.01		41.00	0
30-11-2018	7:33:50	0.00	0.00	0.00	0.00	0.00	1.00	40.43	-86.91		0.01		41.00	0
30-11-2018	7:33:50	0.00	0.00	0.00	0.00	0.00	0.00	40.43	-86.91		0.01		39.65	0
30-11-2018	7:33:50	0.00	0.00	0.00	0.00	0.00	1.00	40.43	-86.91		0.01		40.10	0
30-11-2018	7:33:50	0.00	0.00	0.00	0.00	0.00	0.00	40.43	-86.91		0.01		40.55	0
30-11-2018	7:33:50	0.00	0.00	0.00	0.00	0.00	1.00	40.43	-86.91		0.01		43.25	0
0-0-2000	7:32:22	0.00	0.00	0.00	0.00	0.00	1.00						43.70	0
0-0-2000	7:32:22	0.00	0.00	0.00	0.00	0.00	0.00						45.05	0
0-0-2000	7:32:22	0.00	0.00	0.00	0.00	0.00	1.00						46.40	0
0-0-2000	7:32:22	0.00	0.00	0.00	0.00	0.00	0.00						48.20	0
0-0-2000	7:32:22	0.00	0.00	0.00	0.00	0.00	1.00						51.35	0
0-0-2000	7:32:22	0.00	0.00	0.00	0.00	0.00	0.00						53.15	0
0-0-2000	7:32:20	0.00	0.00	0.00	0.33	0.00	0.33						57.20	0
30-11-2018	7:28:6	0.00	0.00	0.00	0.00	0.00	0.00						70.25	0
30-11-2018	7:23:27	0.00	0.00	0.00	0.00	0.00	0.00	40.43	-86.91	0	0.09	0	68.00	0
30-11-2018	7:23:12	0.00	0.00	0.00	0.00	0.00	0.00	40.43	-86.91	0	0.09	0	68.00	0
30-11-2018	7:22:56	0.00	0.00	0.00	0.00	0.00	0.00	40.43	-86.91	0	0.09	0	68.00	0
30-11-2018	7:22:44	0.00	0.00	0.00	0.00	0.00	0.00	40.43	-86.91	0	0.09	0	68.00	0
30-11-2018	7:22:30	0.00	0.00	0.00	0.00	0.00	0.00	40.43	-86.91	0	0.09	0	67.55	0
30-11-2018	7:22:6	0.00	0.00	0.00	0.00	0.00	1.00	40.43	-86.91	0	0.09	0	67.55	0
30-11-2018	7:21:53	0.00	0.00	0.00	0.00	0.00	0.00	40.43	-86.91	0	0.09	0	75.65	0
30-11-2018	7:21:29	0.00	0.00	0.00	0.00	0.00	1.00	40.43	-86.91	0	0.09	0	70.70	0
30-11-2018	7:20:58	0.00	0.00	0.00	0.00	0.00	0.00	40.43	-86.91	0	0.09	0	66.65	0
30-11-2018	7:20:43	0.00	0.00	0.00	0.00	0.00	0.00	40.43	-86.91	0	0.09	0	66.20	0
30-11-2018	7:19:59	0.00	0.00	0.00	0.00	0.00	0.00	40.43	-86.91	0	0.09	0	66.20	0
30-11-2018	7:19:47	0.00	0.00	0.00	0.00	0.00	0.00	40.43	-86.91	0	0.09	0	65.30	0
30-11-2018	7:19:23	0.00	0.00	0.00	0.00	0.00	0.00	40.43	-86.91	0	0.09	0	65.30	0
30-11-2018	7:19:13	0.00	0.00	0.00	0.00	0.00	0.00	40.43	-86.91	0	0.09	0	64.40	0
30-11-2018	7:19:0	0.00	0.00	0.00	0.00	0.00	0.00	40.43	-86.91	0	0.09	0	65.30	0
30-11-2018	7:18:46	0.00	0.00	0.00	0.00	0.00	0.00	40.43	-86.91	0	0.09	0	67.10	0
30-11-2018	7:18:19	0.00	0.00	0.00	0.00	0.00	0.00	40.43	-86.91	0	0.09	0	62.60	0
30-11-2018	7:17:56	0.00	0.00	0.00	0.00	0.00	0.00	40.43	-86.91	0	0.09	0	62.15	0
30-11-2018	7:17:42	0.00	0.00	0.00	0.00	0.00	0.00	40.43	-86.91	0	0.09	0	62.15	0
30-11-2018	7:17:16	0.00	0.00	0.00	0.00	1.00	1.00	40.43	-86.91	0	0.09	0	59.45	0
30-11-2018	7:17:3	1.00	0.00	1.00	2.00	16.00	31.00	40.43	-86.91	0	0.09	0	59.90	0
30-11-2018	7:14:16	1.00	2.00	1.00	1.00	22.00	12.00	40.43	-86.91	0	0.09	0	41.00	0
30-11-2018	7:14:16	1.00	2.00	0.00	1.00	25.00	14.00	40.43	-86.91	0	0.09	0	41.45	0
30-11-2018	7:14:16	0.00	0.00	0.00	0.00	0.00	0.00	40.43	-86.91	0	0.09	0	41.90	0
30-11-2018	7:14:16	0.00	0.00	0.00	0.00	0.00	0.00	40.43	-86.91	0	0.09	0	42.35	0
30-11-2018	7:14:16	0.00	0.00	0.00	0.00	0.00	1.00	40.43	-86.91	0	0.09	0	42.80	0
30-11-2018	7:14:16	0.00	0.00	0.00	0.00	0.00	0.00	40.43	-86.91	0	0.09	0	43.70	0
30-11-2018	7:14:16	0.00	0.00	0.00	0.00	0.00	1.00	40.43	-86.91	0	0.09	0	43.70	0
30-11-2018	7:14:16	0.00	0.00	0.00	0.00	0.00	1.00	40.43	-86.91	0	0.09	0	44.15	0
30-11-2018	7:14:16	0.00	0.00	0.00	0.00	0.00	0.00	40.43	-86.91	0	0.09	0	41.45	0
30-11-2018	7:13:27	1.00	1.00	4.00	8.00	47.00	28.00	40.43	-86.91	0	0.11	0	41.00	0
30-11-2018	7:13:27	1.00	0.00	3.00	80.00	42.00	20.00	40.43	-86.91	0	0.11	0	41.00	0
30-11-2018	7:13:27	2.00	1.00	1.00	88.00	5.00	7.00	40.43	-86.91	0	0.11	0	41.00	0
30-11-2018	7:13:27	0.00	0.00	0.00	0.00	0.00	0.00	40.43	-86.91	0	0.11	0	41.00	0
30-11-2018	7:12:21	0.00	0.00	0.00	0.00	0.00	0.00	0.00	0.00	0	0.00	0	41.00	0
30-11-2018	7:12:21	0.00	0.00	0.00	0.00	0.00	0.00	0.00	0.00	0	0.00	0	41.00	0
30-11-2018	7:12:21	0.00	0.00	0.00	0.00	0.00	0.00	0.00	0.00	0	0.00	0	41.00	0
30-11-2018	7:12:21	0.00	0.00	0.00	0.00	0.00	0.00	0.00	0.00	0	0.00	0	41.00	0
30-11-2018	7:12:8	0.00	0.00	0.00	0.00	0.00	0.00	0.00	0.00	0	0.00	0	41.45	0
30-11-2018	7:11:28	0.00	0.00	0.00	0.00	0.00	0.00	0.00	0.00	0	0.00	0	41.45	0
30-11-2018	7:11:28	0.00	0.00	0.00	0.00	0.00	0.00	0.00	0.00	0	0.00	0	41.45	0
30-11-2018	7:11:28	0.00	0.00	0.00	0.00	0.00	0.00	0.00	0.00	0	0.00	0	41.45	0
30-11-2018	7:11:15	0.00	0.00	0.00	0.00	0.00	0.00	0.00	0.00	0	0.00	0	41.45	0
30-11-2018	7:11:2	0.00	0.00	0.00	0.00	0.00	0.00	0.00	0.00	0	0.00	0	41.45	0
30-11-2018	7:10:49	0.00	0.00	0.00	0.00	0.00	0.00	0.00	0.00	0	0.00	0	41.45	0
0-0-2000	7:10:39	0.00	0.00	0.00	0.00	0.00	0.00	0.00	0.00	0	0.00	0	41.45	0
0-0-2000	7:10:36	0.00	0.00	0.00	0.00	0.00	0.00	0.00	0.00	0	0.00	0	41.45	0
30-11-2018	7:5:3	0.00	0.00	0.00	0.00	0.00	0.00	40.43	-86.91	0	0.00	0	40.55	0
30-11-2018	7:5:3	0.00	0.00	0.00	0.00	0.00	0.00	40.43	-86.91	0	0.00	0	40.10	0
30-11-2018	7:5:3	0.00	0.00	0.00	0.00	0.00	0.00	40.43	-86.91	0	0.00	0	40.10	0
30-11-2018	7:5:3	0.00	0.00	0.00	0.00	0.00	0.00	40.43	-86.91	0	0.00	0	40.10	0
30-11-2018	7:5:3	0.00	0.00	0.00	0.00	0.00	0.00	40.43	-86.91	0	0.00	0	40.55	0
30-11-2018	7:5:3	0.00	0.00	0.00	0.00	0.00	0.00	40.43	-86.91	0	0.00	0	40.55	0
30-11-2018	7:5:3	0.00	0.00	0.00	0.00	0.00	0.00	40.43	-86.91	0	0.00	0	40.55	0
30-11-2018	7:5:3	0.00	0.00	0.00	0.00	0.00	0.00	40.43	-86.91	0	0.00	0	40.55	0
30-11-2018	7:5:3	0.00	0.00	0.00	0.00	0.00	0.00	40.43	-86.91	0	0.00	0	41.00	0
30-11-2018	7:5:3	0.00	0.00	0.00	0.00	0.00	1.00	40.43	-86.91	0	0.00	0	41.00	0
30-11-2018	7:5:3	0.00	0.00	0.00	0.00	0.00	1.00	40.43	-86.91	0	0.00	0	41.00	0
30-11-2018	7:5:3	0.00	0.00	0.00	0.00	0.00	0.00	40.43	-86.91	0	0.00	0	41.45	0
30-11-2018	7:5:3	0.00	0.00	0.00	0.00	0.00	0.00	40.43	-86.91	0	0.00	0	41.45	0
30-11-2018	7:3:43	0.00	0.00	0.00	0.00	0.00	0.00	40.43	-86.91	0	0.09	0	41.45	0
30-11-2018	7:3:43	0.00	0.00	0.00	0.00	0.00	0.00	40.43	-86.91	0	0.09	0	41.90	0
30-11-2018	7:3:43	0.00	0.00	0.00	0.00	0.00	0.00	40.43	-86.91	0	0.09	0	41.90	0
30-11-2018	7:3:43	0.00	0.00	0.00	0.00	0.00	1.00	40.43	-86.91	0	0.09	0	41.90	0
30-11-2018	7:3:43	0.00	0.00	0.00	0.00	0.00	1.00	40.43	-86.91	0	0.09	0	42.35	0
30-11-2018	7:3:43	0.00	0.00	0.00	0.00	0.00	0.00	40.43	-86.91	0	0.09	0	42.35	0
30-11-2018	7:3:30	0.00	0.00	0.00	1.00	0.00	0.00	40.43	-86.91	0	0.28	0	42.35	0
		0.00	0.00	1.00	0.00	2.00	62.00						41.90	0
		0.00	0.00	1.00	1.00	2.00	62.00						41.00	0
		0.00	0.00	0.00	0.00	0.00	0.00						41.45	0
		0.00	0.00	0.00	0.00	0.00	0.00						41.45	0
		0.00	0.00	0.00	0.00	0.00	0.00						41.45	0
		0.00	0.00	0.00	0.00	0.00	0.00						41.45	0
		0.00	0.00	0.00	0.00	0.00	0.00						41.90	0
		0.00	0.00	0.00	0.00	0.00	0.00						41.90	0
		0.00	0.00	0.00	0.00	0.00	0.00						41.90	0
		0.00	0.00	0.00	0.00	0.00	1.00						41.90	0
		0.00	0.00	0.00	0.00	0.00	1.00						42.35	0
		0.00	0.00	0.00	0.00	0.00	0.00						41.90	0
		0.00	0.00	0.00	0.00	0.00	0.00						42.35	0
		0.00	0.00	0.00	0.00	0.00	0.00						42.35	0
		0.00	0.00	0.00	0.00	0.00	0.00						42.35	0
		0.00	0.00	0.00	0.00	0.00	0.00						42.80	0
		0.00	0.00	0.00	0.00	0.00	0.00						42.80	0
		0.00	0.00	0.00	0.00	0.00	0.00						42.80	0
30-11-2018	6:58:41	0.00	0.00	1.00	1.00	0.00	0.00	40.43	-86.91	0	0.20	0	41.90	0
30-11-2018	6:58:41	0.00	0.00	0.00	1.00	0.00	0.00	40.43	-86.91	0	0.20	0	41.90	0
30-11-2018	6:58:41	0.00	0.00	0.00	0.00	0.00	0.00	40.43	-86.91	0	0.20	0	41.90	0
		0.00	0.00	0.00	0.00	0.00	0.00						41.90	0
		0.00	0.00	0.00	0.00	0.00	0.00						41.90	0
		0.00	0.00	0.00	0.00	0.00	0.00						42.35	0
		0.00	0.00	0.00	0.00	0.00	0.00						42.80	0
		0.00	0.00	0.00	0.00	0.00	0.00						43.25	0
		0.00	0.00	1.00	0.00	0.00	0.00						43.25	0
		0.00	0.00	1.00	1.00	0.00	0.00						43.25	0
		0.00	0.00	0.00	0.00	0.00	1.00						42.80	0
		0.00	0.00	0.00	1.00	0.00	1.00						42.80	0
		0.00	0.00	0.00	0.00	0.00	0.00						42.80	0
		0.00	0.00	0.00	0.00	0.00	0.00						42.80	0
		0.00	0.00	0.00	0.00	0.00	0.00						42.80	0
		0.00	0.00	0.00	0.00	0.00	0.00						42.35	0
		0.00	0.00	0.00	0.00	1.00	0.00						42.35	0
		1.00	0.00	1.00	1.00	0.00	0.00						41.90	0
		1.00	0.00	0.00	0.00	1.00	0.00						41.45	0
		0.00	0.00	0.00	1.00	0.00	1.00						41.45	0
		0.00	0.00	0.00	1.00	0.00	1.00						41.45	0
		1.00	0.00	0.00	1.00	0.00	0.00						41.90	0
		1.00	0.00	0.00	0.00	0.00	0.00						41.90	0
		0.00	0.00	0.00	1.00	0.00	0.00						43.70	0
		0.00	1.00	0.00	0.00	0.00	0.00						43.70	0
		0.00	1.00	0.00	31.00	5.00	10.00						44.15	0
		2.00	0.00	1.00	31.00	5.00	11.00						44.15	0
		0.00	0.00	0.50	0.75	0.00	0.25						43.70	0
		0.00	0.00	0.00	0.00	0.00	0.00						44.15	0
		0.00	0.00	1.00	5.00	0.00	34.00						44.60	0
		0.00	0.00	3.00	1.00	16.00	35.00						45.50	0
		0.00	0.00	2.00	6.00	16.00	1.00						46.40	0
		0.00	0.00	0.00	0.00	0.00	0.00						46.85	0
		0.00	0.00	0.00	0.00	0.00	0.00						47.30	0
		0.00	0.00	0.00	0.00	0.00	0.00						48.20	0
		0.00	0.00	0.00	0.00	0.00	0.00						48.65	0
		0.00	0.00	0.00	0.00	0.00	0.00						50.00	0
		0.00	0.00	0.00	0.00	0.00	0.00						51.35	0
		0.00	0.00	0.00	0.00	0.00	0.00						52.25	0
		0.00	0.00	1.00	1.00	0.00	0.00						51.80	0
		0.00	0.00	1.00	1.00	0.00	0.00						49.55	0
		0.00	0.00	0.00	0.00	0.00	0.00						50.90	0
		0.00	0.00	0.00	0.00	0.00	0.00						52.70	0
		0.00	0.00	0.00	0.00	0.00	0.00						53.15	0
		0.00	0.00	0.00	0.00	0.00	0.00						54.05	0
		0.00	0.00	0.00	1.00	0.00	0.00						54.95	0
		0.00	0.00	0.00	1.00	0.00	0.00						55.85	0
		0.00	0.00	1.00	0.00	0.00	0.00						57.20	0
		0.00	0.00	1.00	0.00	0.00	0.00						58.55	0
		0.00	0.00	1.00	0.00	0.00	0.00						60.35	0
		0.00	0.00	1.00	1.00	0.00	0.00						61.70	0
		0.00	0.00	1.00	1.00	0.00	0.00						64.40	0
		0.00	0.00	1.00	0.00	0.00	0.00						68.00	0
		4.00	2.00	1.00	13.00	3.00	31.00						70.70	0
		2.00	1.00	1.00	17.00	6.00	1.00						73.85	0
		3.00	1.00	4.00	4.00	4.00	18.00						74.30	0
		5.00	1.00	3.00	0.00	3.00	2.00						74.30	0
		0.00	0.00	1.00	1.00	0.00	0.00						74.30	0
		0.00	0.00	1.00	1.00	0.00	0.00						74.75	40
		0.00	0.00	0.00	0.00	0.00	0.00						74.30	0
		0.00	0.00	1.00	1.00	0.00	1.00						74.30	0
		0.00	0.00	0.00	0.00	0.00	0.00						74.30	0
		0.00	0.00	0.00	0.00	0.00	1.00						74.30	0
		0.00	0.00	0.00	1.00	0.00	0.00						74.30	0
		0.00	0.00	1.00	0.00	0.00	0.00						73.85	0
		0.00	0.00	0.75	0.50	0.00	0.50						73.85	0
		0.00	0.00	1.00	1.00	2.00	0.00						74.30	0
		0.00	0.00	0.00	1.00	2.00	0.00						74.30	0
		0.00	0.00	1.00	0.00	1.00	0.00						73.40	6
		0.00	0.00	0.00	0.50	0.50	1.00						74.30	0
		0.00	0.00	0.00	0.75	0.00	0.00						74.30	0
		0.00	0.00	0.50	0.25	0.00	0.25						74.30	0
		0.00	0.00	1.00	0.33	0.00	0.33						74.30	0
		0.00	0.00	0.25	0.50	0.00	0.25						74.30	0
		0.00	0.00	0.75	0.25	0.75	0.50						74.75	168
		0.00	0.00	0.00	1.00	1.00	1.00						72.95	0
		0.00	0.00	0.50	0.75	0.75	0.50						74.75	0
		0.00	0.00	0.00	1.00	1.00	0.00						74.75	3
		0.00	0.00	0.00	1.00	2.00	1.00						74.75	0
		0.00	0.00	1.00	0.00	1.00	0.00						74.75	0
		0.00	0.00	0.75	0.50	0.00	0.50						74.75	0
		0.00	0.00	1.00	1.00	0.00	1.00						75.20	0
		0.00	0.00	1.00	1.00	0.00	0.00						76.10	-13629
		0.00	0.00	1.00	1.00	0.00	0.00						74.75	-7938
		0.00	0.00	0.50	0.00	0.50	0.50						74.75	0
		0.00	0.00	0.00	1.00	1.00	0.00						75.20	0
		0.00	0.00	0.00	1.00	0.00	1.00						75.65	0
		0.00	0.00	0.00	0.00	1.00	0.00						75.20	0
		0.00	0.00	0.00	1.00	2.00	1.00						74.75	0
		0.00	0.00	0.25	0.25	0.75	0.25						74.75	0
		0.00	0.00	0.50	0.00	0.00	0.25						75.20	0
		0.00	0.00	1.00	1.00	1.00	1.00						75.20	0.00
		0.00	0.00	0.00	0.00	1.00	1.00						75.20	0.00
		0.00	0.00	0.00	0.00	0.00	0.00						75.20	0.00
		0.00	0.00	0.00	1.00	0.00	1.00						74.75	0.00
		0.00	0.00	0.00	1.00	1.00	1.00						74.75	0.00
		0.00	0.00	1.00	0.00	1.00	0.00						74.75	0.00
		0.00	0.00	1.00	0.00	0.00	0.00						74.75	0.00
		0.00	0.00	0.00	0.00	0.00	1.00						74.75	0.00
		0.00	0.00	0.00	0.50	0.50	0.25						74.75	0.00
		0.00	0.00	0.00	0.00	0.00	1.00						74.75	0
		0.00	0.00	0.00	1.00	0.00	0.00						74.75	0
		0.00	0.00	0.00	1.00	0.00	0.00						75.20	0
		0.00	0.00	0.00	0.00	0.00	0.00						74.75	0
		0.00	0.00	0.00	0.00	1.00	0.00						74.75	0
		0.00	0.00	0.00	0.00	1.00	0.00						74.75	0
		0.00	0.00	0.00	0.00	0.00	0.00						74.75	0
		0.00	0.00	0.00	0.00	1.00	0.00						74.75	0
		0.00	0.00	1.00	0.00	1.00	0.00						74.75	0
		0.00	0.00	1.00	0.00	0.00	0.00						74.75	-19400
		0.00	0.00	1.00	0.00	0.00	1.00						74.75	0
		0.00	0.00	0.50	0.50	0.50	0.50						75.20	0
		0.00	0.00	0.00	0.25	0.25	0.00						74.75	0
		0.00	0.00	0.50	0.00	0.00	0.00						74.75	0
		0.00	0.00	1.00	0.00	0.00	1.00						74.75	0
		0.00	0.00	0.00	0.00	0.00	0.00						72.50	0
		0.00	0.00	1.00	0.00	0.00	1.00						74.75	0
		0.00	0.00	0.00	1.00	0.00	0.00						73.40	0
		0.00	0.00	0.00	1.00	0.00	0.00						74.75	0
		0.00	0.00	0.00	1.00	1.00	1.00						74.75	0
		0.00	0.00	0.00	1.00	0.00	1.00						74.75	0
		0.00	0.00	0.00	0.00	0.00	1.00						74.75	0
		0.00	0.00	0.00	0.00	0.00	0.00						74.75	0
		0.00	0.00	0.00	1.00	0.00	0.00						74.75	0
		0.00	0.00	1.00	1.00	0.00	0.00						74.30	0
		0.00	0.00	1.00	0.00	0.00	1.00						74.75	0
		0.00	0.00	0.00	0.00	0.00	1.00						74.30	0
		0.00	0.00	0.00	0.00	0.00	1.00						74.75	0
		0.00	0.00	0.00	1.00	0.00	1.00						74.75	0
		0.00	0.00	0.00	0.00	0.00	0.00						74.75	0
		0.00	0.00	1.00	1.00	0.00	0.00						74.75	0
		0.00	0.00	1.00	0.00	0.00	1.00						74.75	0
		0.00	0.00	0.00	0.00	0.00	0.00						74.30	0
		0.00	0.00	0.00	0.00	0.00	1.00						74.75	0
		0.00	0.00	1.00	0.00	0.00	0.00						74.75	0
		0.00	0.00	0.00	1.00	0.00	1.00						74.75	0
		0.00	0.00	1.00	1.00	0.00	1.00						74.75	0
		0.00	0.00	0.00	0.00	0.00	0.00						74.30	0
		0.00	0.00	0.00	1.00	0.00	0.00						74.75	0
		0.00	0.00	0.00	1.00	0.00	0.00						74.75	0
		0.00	0.00	0.00	0.00	0.00	0.00						75.20	0
		0.00	0.00	0.00	0.00	0.00	1.00						74.75	0
		0.00	0.00	0.00	0.00	0.00	1.00						74.75	0
		0.00	0.00	0.00	0.00	0.00	0.00						72.50	0
		0.00	0.00	0.00	1.00	0.00	0.00						74.75	0
		0.00	0.00	0.00	1.00	1.00	0.00						75.20	0
		0.00	0.00	0.00	0.00	0.00	0.00						74.75	0
		0.00	0.00	0.00	0.00	0.00	0.00						74.75	0
		0.00	0.00	0.00	0.00	0.00	0.00						74.75	0
		0.00	0.00	0.00	0.00	0.00	0.00						75.20	0
		0.00	0.00	0.00	0.00	0.00	0.00						75.20	0
		0.00	0.00	0.00	1.00	1.00	1.00						74.75	0
		0.00	0.00	0.00	1.00	1.00	1.00						74.75	0
		0.00	0.00	0.00	0.00	0.00	0.00						74.75	0
		0.00	0.00	1.00	0.00	0.00	1.00						74.75	0
		0.00	0.00	1.00	1.00	2.00	0.00						75.20	0
		0.00	0.00	1.00	0.00	1.00	1.00						74.75	0
		0.00	0.00	1.00	1.00	3.00	0.00						74.75	3
		0.00	0.00	0.00	1.00	0.00	1.00						74.75	0
		0.00	0.00	0.00	1.00	0.00	0.00						74.75	0
		0.00	0.00	1.00	0.00	0.00	0.00						74.75	0
		0.00	0.00	1.00	0.00	0.00	1.00						75.20	0
		0.00	0.00	0.00	0.00	0.00	1.00						74.75	0
		0.00	0.00	0.00	0.00	0.00	1.00						74.75	0
		0.00	0.00	0.00	0.00	0.00	0.00						74.75	0
		0.00	0.00	1.00	0.00	0.00	0.00						74.75	0
		0.00	0.00	1.00	1.00	0.00	0.00						74.75	0
		0.00	0.00	0.00	0.00	0.00	0.00						74.30	0
		0.00	0.00	0.00	1.00	0.00	0.00						74.75	0
		0.00	0.00	0.00	1.00	0.00	0.00						74.30	0
		0.00	0.00	0.00	1.00	0.00	0.00						74.75	50
		0.00	0.00	1.00	0.00	0.00	0.00						74.75	82
		0.00	0.00	1.00	0.00	1.00	0.00						74.75	24
		0.00	0.00	0.00	1.00	2.00	0.00						75.20	0
		0.00	0.00	0.00	1.00	1.00	0.00						74.75	3
		0.00	0.00	0.00	0.00	0.00	0.00						74.75	0
		0.00	0.00	0.00	1.00	0.00	0.00						74.75	0
		0.00	0.00	0.00	1.00	0.00	0.00						74.75	0
		0.00	0.00	0.00	0.00	0.00	1.00						74.75	0
		0.00	0.00	0.00	0.00	0.00	1.00						74.75	0
		0.00	0.00	0.00	0.00	0.00	0.00						74.75	0
		0.00	0.00	0.00	0.00	0.00	0.00						74.75	0
		0.00	0.00	0.00	1.00	0.00	0.00						76.10	0
		0.00	0.00	1.00	0.00	0.00	1.00						74.30	0
		0.00	0.00	0.00	1.00	0.00	0.00						73.40	0
		0.00	0.00	0.00	1.00	0.00	0.00						74.75	0
		0.00	0.00	0.00	1.00	0.00	0.00						74.30	0
		0.00	0.00	0.00	0.00	0.00	1.00						74.75	0
		0.00	0.00	0.00	0.00	0.00	0.00						74.30	2
		0.00	0.00	0.00	0.00	0.00	0.00						74.75	0
		0.00	0.00	0.00	0.00	0.00	1.00						74.75	0
		2.00	0.00	3.00	1.00	3.00	3.00						74.75	0
		0.00	3.00	9.00	1.00	10.00	15.00						74.30	0
		0.00	0.00	0.00	0.00	0.00	0.00						73.85	0
		0.00	0.00	0.00	0.25	0.50	0.50						74.75	0
		0.00	0.00	0.00	0.00	0.00	0.00						74.75	0
		3143	3150	3157	3164	3171	3178						72	0
		3143	3150	3157	3164	3171	3178						63	0
		3143	3150	3157	3164	3171	3178						67	0
		3143	3150	3157	3164	3171	3178						74	0
		3143	3150	3157	3164	3171	3178						75	0
		3143	3150	3157	3164	3171	3178						75	2
		3143	3150	3157	3164	3171	3178						75	0
		3143	3150	3157	3164	3171	3178						75	0
		3143	3150	3157	3164	3171	3178						75	2
		3143	3150	3157	3164	3171	3178						75	0
		3137	3144	3151	3158	3165	3172						75	0
		3137	3144	3151	3158	3165	3172						75	0
		3137	3144	3151	3158	3165	3172						75	0
		3137	3144	3151	3158	3165	3172						75	0
		3137	3144	3151	3158	3165	3172						75	0
		3137	3144	3151	3158	3165	3172						75	0
		3137	3144	3151	3158	3165	3172						76	0
		3137	3144	3151	3158	3165	3172						75	0
		3137	3144	3151	3158	3165	3172						76	0
		3137	3144	3151	3158	3165	3172						75	0
		3137	3144	3151	3158	3165	3172						75	0
		3119	3126	3133	3140	3147	3154						75	0
		3119	3126	3133	3140	3147	3154						75	0
		3119	3126	3133	3140	3147	3154						75	0
		3119	3126	3133	3140	3147	3154						75	0
		3119	3126	3133	3140	3147	3154						75	0
		3119	3126	3133	3140	3148	3156						75	0
		3119	3126	3133	3141	3149	3157						74	0
		3119	3126	3133	3140	3148	3157						75	0
		3119	3126	3133	3140	3147	3154						75	2
		3119	3126	3133	3140	3147	3154						74	0
		3119	3126	3133	3140	3147	3154						74	0
		3119	3126	3133	3140	3147	3154						74	0
		3119	3126	3133	3140	3147	3154						74	12
		3119	3126	3133	3140	3147	3154						74	0
		0	0	9	-3	5	0						41	0
		0	0	9	-3	5	-1						41	0
		0	0	9	-3	5	-1						41	0
		0	0	9	-2	5	-1						41	0
		0	0	9	-3	5	-1						42	0
		0	0	9	-3	5	-1						41	0
		0	0	9	-3	5	-1						41	0
		0	0	9	-3	5	-1						41	0
		0	0	9	-3	5	-1						41	0
		0	0	9	-3	5	-1						42	0
		0	0	9	-3	5	-1						42	0
		0	0	9	-3	5	-1						42	0
		0	0	9	-2	5	-1						43	0
		0	0	9	-3	5	-1						43	0
		0	0	9	-3	6	0						43	0
		0	0	9	-3	5	-1						43	0
		0	0	9	-3	5	-1						43	0
		0	0	9	-3	6	-1						44	0
		0	0	9	-3	5	-1						43	0
		0	0	9	-3	5	-1						44	0
		0	0	9	-3	6	-1						44	0
		0	0	9	-3	5	-1						44	0
		0	0	9	-3	5	-1						45	0
		0	0	9	-3	5	-1						45	0
		0	0	9	-3	5	-1						45	0
		0	0	9	-3	5	-1						46	0
		0	0	9	-3	5	-1						46	0
		0	0	9	-3	6	0						47	0
		0	0	9	-3	5	0						48	0
		0	0	9	-3	5	-1						48	0
		0	0	9	-3	5	-1						49	0
		0	0	9	-3	5	-1						50	0
		0	0	9	-3	5	-1						50	0
		0	0	9	-3	6	-1						50	0
		0	0	9	-3	5	-1						50	0
		0	0	9	-3	5	-1						47	0
		0	0	9	-3	5	-1						44	0
		0	0	9	-3	6	-1						43	0
		0	0	9	-3	5	-1						44	0
		0	0	9	-3	5	-1						44	0
		0	0	9	-3	5	-1						44	0
		0	0	9	-2	5	-1						44	0
		0	0	9	-2	5	-1						45	0
		0	0	9	-2	5	-1						45	0
		0	0	9	-3	5	-1						45	0
		0	0	9	-3	5	-1						45	0
		0	0	9	-2	5	-1						45	0
		0	0	9	-3	5	-1						46	0
		0	0	9	-2	5	-1						45	0
		0	0	9	-3	5	-1						45	0
		0	0	9	-2	5	-1						45	0
		0	0	9	-2	5	-1						48	0
		0	0	9	-3	5	-1						50	0
		0	0	9	-3	5	-1						50	0
		0	0	9	-3	5	-1						51	0
		0	0	9	-3	5	-1						52	0
		0	0	0	-2	6	0						50	0
		0	0	9	1	11	-13						47	0
		0	0	9	-2	5	-1						48	0
		0	0	9	-3	6	0						48	0
		0	0	9	-2	5	-1						48	0
		0	0	9	-2	6	0						49	0
		0	0	9	-3	5	-1						50	0
30-11-18	03:52:57	0	0	9	-3	5	-1		GPR.MC35307.00		V		69	0
30-11-18		0	0	9	-26	5	9						69	0
30-11-18		0	0	9	-3	5	-1						69	0
30-11-18	03:52:35	0	0	9	-2	5	0						69	0
30-11-18		0	0	9	-3	5	-1						69	0
30-11-18	03:51:5G	0	0	9	-2	5	-1	V.					69	0
30-11-18		0	0	9	-3	5	-1						69	0
30-11-18	03:51:42	0	0	9	-3	5	0						68	0
30-11-18		0	0	9	-3	5	-1						68	0
30-11-18	03:51:2G	0	0	9	-3	6	0	V.					68	0
30-11-18		0	0	9	-3	5	-1						68	0
30-11-18		0	0	9	-3	6	-1						68	0
30-11-18		0	0	9	-2	5	-1						68	0
30-11-18	03:50:51	0	0	9	-3	5	-1						68	0
30-11-18	03:50:41	0	0	9	-3	5	0	40.2567983N	086.5479587W		0.301		68	0
30-11-18	03:50:31	0	0	9	-3	5	0	40.2567692N	086.5479939W		1.740		68	0
30-11-18	03:50:19	0	0	9	-3	5	-1	40.2567760N	086.5480729W		1.992		68	0
03-49-49.00	03:50:00	0	0	9	-3	5	0	40.M6PS			3112		68	0
03-49-49.00	03:49:49	0	0	9	-3	5	-1					00	68	0
03-49-49.00		0	0	9	-3	5	0						68	0
03-49-49.00	03:49:30	0	0	9	-3	5	0	40.2569093N	086.5478922W		1.673GPRMC		68	0
30-11-18		0	0	9	-3	5	-1						67	0
30-11-18		0	0	9	-3	5	-1						67	0
30-11-18		0	0	9	-2	5	-1						67	0
30-11-18	03:47:41	0	0	9	-3	5	-1						67	0
30-11-18		0	0	9	-3	5	-1						67	0
30-11-18		0	0	9	-3	5	-1						66	0
30-11-18	03:47:07	0	0	9	-3	5	0	40.2567998N	086.5478876W		0.464		66	0
30-11-18		0	0	9	-3	5	-1						66	0
30-11-18	03:46:37	0	0	9	-3	5	0	40.GPMC034648.00	A40.2567913		N		66	0
30-11-18		0	0	9	-3	5	0						66	0
30-11-18		0	0	9	-3	6	-1						66	0
30-11-18	03:46:14	0	0	9	-3	6	-1						66	0
30-11-18	03:46:03	0	0	9	-3	5	0	40.2568395N	086.5480058W		0.948		65	0
30-11-18	03:45:52	0	0	9	-3	5	-1	40.2568301N	086.5480464W		1.297		65	0
30-11-18	03:45:40	0	0	9	-3	5	-1	40.2568425N	086.5480310W		1.077		65	0
30-11-18	03:45:29	0	0	9	-3	5	-1	40.2568538N	086.5479879W		0.951		65	0
30-11-18	03:45:18	0	0	9	-3	6	-1	40.2568742N	086.5479693W		0.967		64	0
31--	03:44:57	0	0	9	-3	5	-1	40.2568397N	086.54GPRMC034507.00		A		64	0
30-1G-PRMC		0	0	9	-3	5	0						64	0
30-1G-PRMC	03:44:36	0	0	9	-3	5	0						64	0
30-11-GPRMC		0	0	9	-3	5	0						63	0
30-11-GPRMC		0	0	9	-2	5	-1						63	1
30-11-GPRMC		0	0	9	-5	2	-3						62	0
30-11-GPRMC		0	0	0	-6	0	0						61	0
30-11-GPRMC		0	0	9	3	12	-44						58	0
30-11-18		0	0	0	28	13	-55						53	0
30-11-18		0	0	0	-21	15	35						55	0
30-11-18	03:42:14	0	0	9	-56	3	88	40.2568206N	086.5478216W		0.416		58	0
03-41-52.00	03:41:52	0	0	0	-4	25	45	40.2567626NGPRMC	034.20.00A			N	60	0
03-41-52.00		0	0	9	32	-24	-53						64	0
03-41-52.00	03:41:32	0	0	0	4	0	-32	40.2566526N	086.5476539W		1.GPRMC		67	0
NG-PR-MC		0	0	0	4	-23	6						72	0
NG-PR-MC		0	0	9	13	14	-13						78	0
NG-PR-MC	03:40:58	0	0	0	7	32	-21	40.2564254N	086.GPMC034109.00			4025.65001	81	0
NG-PR-MC		0	0	0	31	58	20						80	0
NG-PR-MC	03:40:36	0	0	9	-16	38	0	40.2563140N	0GP.RM034047.00		A		79	0
0.-1-		0	0	0	-32	-17	-26						78	0
0.-1-		0	0	0	42	-40	12						76	0
0.-1-	03:40:04	0	0	9	-10	17	-9	40.2562087N	00A.405.62304N		08654.76262		74	0
3--		0	0	9	-10	16	41						67	0
3--		0	0	9	-9	9	31						69	0
3--	03:39:35	0	0	0	-8	10	-9	40.256310A4025.62703N	086.5476687W		1.780		63	0
30-11-18		0	0	0	-6	1	-2						59	0
30-11-18		0	0	9	-42	-22	8						47	0
30-11-18	03:39:10	0	0	0	3	-10	-20	40.2565022N	086.5475452W		1.967		47	0
30-11-18	03:38:59	0	0	0	-6	-14	-10	40.2565473N	086.5475598W		0.312		48	0
30-11-18		0	0	0	15	15	6						49	0
30-11-18		0	0	9	-1	7	0						48	0
30-11-18	03:38:05	0	0	9	-2	7	3	A4.02.0V					48	0
30-11-18		0	0	0	-4	7	-4						49	0
30-11-18		0	0	0	13	2	-5						50	0
30-11-18		0	0	9	-16	5	31						52	0
30-11-18		0	0	9	-38	0	49						54	0
30-11-18		0	0	0	-1	-2	-36						56	0
30-11-18	03:37:10	0	0	9	-1	5	-3		GPR.MC33719.00		V		59	0
30-11-18		0	0	9	-7	4	-6						63	0
30-11-18		0	0	0	2	12	-26						66	0
30-11-18	03:36:45	0	0	9	-5	-13	-28						71	0
30-11-18	03:GP:RM	0	0	9	-14	22	7				018		72	0
30-11-18	03:35:58	0	0	9	9	-9	-18	03.367.00V					62	0
30-11-18		0	0	9	-3	5	0						71	0
30-11-18	03:35:50	0	0	9	-3	5	0						71	3
30-11-18	GP:RM:C	0	0	9	-3	5	-1	V.					71	0
30-11-18		0	0	9	-3	5	0						72	0
30-11-18	03:34:41	0	0	9	-3	5	0						72	0
30-11-18		0	0	9	-3	6	0						70	0
30-11-18	03:34:18	0	0	9	-3	5	0	03.341.00V					71	0
30-11-18	03:33:54	0	0	9	-2	6	0	V.					69	0
30-11-18		0	0	9	-3	5	-1						68	0
30-11-18		0	0	9	-3	6	0						69	0
30-11-18		0	0	9	-3	5	0						69	0
30-11-18		0	0	9	-3	6	-1						69	0
30-11-1GPRMC	03:33:10	0	0	9	-2	5	-1						68	0
30-11-18		0	0	9	-3	5	-1						68	0
30-11-18	03:32:57	0	0	9	-2	5	0		GPR.MC33259.00		V		68	0
-3-3.-4	03:11:43	0	0	9	0	-26	-36	40.2563793N	061..7		196.6		44	0
1------	03:11:11	0	0	9	16	12	23	40.2565642N	086.54GPRMC031120.00		A		44	0
1----	03:11:11	0	0	9	17	7	-2	40.2565642N	086.54GPRMC031120.00		A		42	0
1--	03:11:11	0	0	9	6	6	-40	40.2565642N	086.54GPRMC031120.00		A		44	0
30--1-1-18	03:11:00	0	0	9	-58	1	149	40.2566321N	086.5477004W		1.736		43	0
30-11-18	03:11:00	0	0	9	-15	58	-11	40.2566321N	086.5477004W		1.736		45	0
30-11-1	03:10:49	0	0	9	-16	17	1	40.2567341N	086.5476702W		2.918		46	0
30-11-18	03:10:35	0	0	9	7	-2	-12	40.2567232N	086.5475851W		0.166		47	0
30-11-18	03:10:24	0	0	9	-3	6	-1	40.2567341N	086.5476238W		0.232		47	0
30-11-18	03:10:13	0	0	9	-3	6	-1	40.2567560N	086.5476886W		0.657		47	0
30--1-1-18	03:09:50	0	0	9	-3	6	0	40.2567435N	086.5476723W		0.645		47	0
30-11-18	03:09:50	0	0	9	-3	6	-1	40.2567435N	086.5476723W		0.645		47	0
30----------1-1-1GPRMC	03:08:48	0	0	9	-3	5	0	40.2567053N	086.5475699W		1.096		47	0
30--------1-1-1GPRMC	03:08:48	0	0	9	-3	5	-1	40.2567053N	086.5475699W		1.096		47	0
30------1-1-1GPRMC	03:08:48	0	0	9	-3	6	-1	40.2567053N	086.5475699W	A	1.096	08654.756GPRMC	46	0
30----1-1-1GPRMC	03:08:48	0	0	9	-3	6	-1	40.2567053N	086.5475699W	A	1.096	08654.756GPRMC	46	0
3G--P-R-MC	03:06:29	0	0	9	-3	5	0	40.2567561N	086.5476598W	0133	0.755	N	49	0
3G-PR-MC	03:06:29	0	0	9	-3	5	0	40.2567561N	086.5476598W	0133	0.755	N	49	0
30----1-1-18	03:06:06	0	0	9	-3	6	-1	40.2567677N	086.5476519W	0133	0.025	N	49	0
30--1-1-18	03:06:06	0	0	9	-3	6	-1	40.2567677N	086.5476519W	0133	0.025	N	50	0
30-11-18	03:06:06	0	0	9	-2	5	0	40.2567677N	086.5476519W	0133	0.025	N	50	0
30-11-18	03:05:55	0	0	9	-3	6	-1	40.2567760N	086.5476451W	0133	0.102	N	50	0
GP----R-M-C	03:05:1G	0	0	9	-3	5	-1	A4.02.68020	N08.65.76253	0133	W	N	50	0
GP--R-M-C	03:05:1G	0	0	9	-2	5	-1	A4.02.68020	N08.65.76253	831	W	N	50	0
GP-RM-C	03:05:1G	0	0	9	-3	6	0	A4.02.68020	N08.65.76253	831	W	N	51	0
03------0-4-20.00	03:04:07	0	0	9	-3	6	0	40.2568019N	086.5476466GPRMC030409.00	831	A	N	54	0
